+----+---------+--------+--------+------+------+------+
|    |   goout |   Dalc |   Walc |   G1 |   G2 |   G3 |
+====+=========+========+========+======+======+======+
|  0 |       4 |      1 |      1 |    5 |    6 |    6 |
+----+---------+--------+--------+------+------+------+
|  1 |       3 |      1 |      1 |    5 |    5 |    6 |
+----+---------+--------+--------+------+------+------+
|  2 |       2 |      2 |      3 |    7 |    8 |   10 |
+----+---------+--------+--------+------+------+------+
|  3 |       2 |      1 |      1 |   15 |   14 |   15 |
+----+---------+--------+--------+------+------+------+
|  4 |       2 |      1 |      2 |    6 |   10 |   10 |
+----+---------+--------+--------+------+------+------+
Correlation Matrix:
+-------+-----------+------------+------------+------------+------------+------------+
|       |     goout |       Dalc |       Walc |         G1 |         G2 |         G3 |
+=======+===========+============+============+============+============+============+
| goout |  1        |  0.266994  |  0.420386  | -0.149104  | -0.16225   | -0.132791  |
+-------+-----------+------------+------------+------------+------------+------------+
| Dalc  |  0.266994 |  1         |  0.647544  | -0.0941588 | -0.0641202 | -0.05466   |
+-------+-----------+------------+------------+------------+------------+------------+
| Walc  |  0.420386 |  0.647544  |  1         | -0.126179  | -0.0849274 | -0.0519393 |
+-------+-----------+------------+------------+------------+------------+------------+
| G1    | -0.149104 | -0.0941588 | -0.126179  |  1         |  0.852118  |  0.801468  |
+-------+-----------+------------+------------+------------+------------+------------+
| G2    | -0.16225  | -0.0641202 | -0.0849274 |  0.852118  |  1         |  0.904868  |
+-------+-----------+------------+------------+------------+------------+------------+
| G3    | -0.132791 | -0.05466   | -0.0519393 |  0.801468  |  0.904868  |  1         |
+-------+-----------+------------+------------+------------+------------+------------+